%YAML:1.0
M1: !!opencv-matrix
   rows: 3
   cols: 3
   dt: d
   data: [ 5.5957977844491438e+002, 0., 2.9885341208863230e+002, 0.,
       5.5957977844491438e+002, 2.3157515156961534e+002, 0., 0., 1. ]
D1: !!opencv-matrix
   rows: 1
   cols: 8
   dt: d
   data: [ 6.9943489595303873e-002, -1.5049967759525826e-001, 0., 0., 0.,
       0., 0., -2.7610308293071571e-002 ]
M2: !!opencv-matrix
   rows: 3
   cols: 3
   dt: d
   data: [ 5.5614088530319373e+002, 0., 3.2465862621004720e+002, 0.,
       5.5614088530319373e+002, 2.2638426131504838e+002, 0., 0., 1. ]
D2: !!opencv-matrix
   rows: 1
   cols: 8
   dt: d
   data: [ 4.7692702146611983e-002, -2.2429137562668948e-002, 0., 0., 0.,
       0., 0., 2.4156734297222010e-001 ]
