%YAML:1.0
R: !!opencv-matrix
   rows: 3
   cols: 3
   dt: d
   data: [ 9.7478778840250491e-001, 4.4764684777672738e-002,
       -2.1859755391611480e-001, -4.6187771163302631e-002,
       9.9893179197973603e-001, -1.4017015088179470e-003,
       2.1830129952961691e-001, 1.1462895310916339e-002,
       9.7581409328558655e-001 ]
T: !!opencv-matrix
   rows: 3
   cols: 1
   dt: d
   data: [ 7.1586834287562464e+000, -3.1377237522168844e-001,
       1.4589752568100891e+000 ]
R1: !!opencv-matrix
   rows: 3
   cols: 3
   dt: d
   data: [ 9.9980949499538996e-001, 3.2468827994795008e-003,
       -1.9246596300384874e-002, -3.3101285824714824e-003,
       9.9998922353000774e-001, -3.2551302000825696e-003,
       1.9235819863760675e-002, 3.3182187900179763e-003,
       9.9980946817792771e-001 ]
R2: !!opencv-matrix
   rows: 3
   cols: 3
   dt: d
   data: [ 9.7895469100788546e-001, -4.2908579725437983e-002,
       1.9951583079946636e-001, 4.2249092951571594e-002,
       9.9907847720365661e-001, 7.5637644854851787e-003,
       -1.9965652280460316e-001, 1.0247801560121098e-003,
       9.7986541051677456e-001 ]
P1: !!opencv-matrix
   rows: 3
   cols: 4
   dt: d
   data: [ 4.3334628969430156e+002, 0., 2.4239925003051758e+002, 0., 0.,
       4.3334628969430156e+002, 2.2627660179138184e+002, 0., 0., 0., 1.,
       0. ]
P2: !!opencv-matrix
   rows: 3
   cols: 4
   dt: d
   data: [ 4.3334628969430156e+002, 0., 2.4239925003051758e+002,
       3.1688789393855741e+003, 0., 4.3334628969430156e+002,
       2.2627660179138184e+002, 0., 0., 0., 1., 0. ]
Q: !!opencv-matrix
   rows: 4
   cols: 4
   dt: d
   data: [ 1., 0., 0., -2.4239925003051758e+002, 0., 1., 0.,
       -2.2627660179138184e+002, 0., 0., 0., 4.3334628969430156e+002, 0.,
       0., -1.3675066103292816e-001, 0. ]
